9041
8294
2247
5673
9610
196
5146
8391
5714
3076
8229
7489
4370
3531
6638
5605
5083
9564
2239
3732
607
7457
4892
7404
8942
4332
3892
4754
4723
7561
3073
3052
43
8353
6837
7406
1723
3845
1149
9972
191
827
9586
6912
1506
9280
6944
5540
6951
8866
7332
2482
7805
6388
2288
4816
4029
633
6441
9201
5490
7368
9966
5669
5756
9048
5361
2786
4829
4568
2941
7487
5215
4726
3195
6870
6830
4287
1328
8102
2611
7490
358
3133
2529
2255
1341
6359
481
3865
6119
8693
598
4068
8686
9780
6407
9314
4987
3894
7948
6143
7630
1996
982
1970
898
9291
402
2476
7409
2939
4396
1279
7912
109
4130
4258
6323
9789
4828
2373
2960
1541
4205
2422
5669
203
9490
5638
4434
1716
3415
990
1498
4134
2439
3264
9770
8407
7384
7850
9247
6921
8145
4684
1773
4010
4321
4358
3867
378
8746
6569
8637
8251
8531
5270
448
2291
2753
5007
4189
8241
2527
8371
8241
8728
6509
4476
2625
3258
4638
4290
7011
2995
1207
6748
7855
751
6392
3590
8684
5896
3720
4636
4494
6892
2217
6248
2565
5534
7074
5995
175
6606
5993
1352
4352
3867
9074
6039
6208
7445
688
898
2655
699
8832
5937
2889
263
7950
6635
6235
836
5255
8841
8815
75
2817
7951
7471
2831
4131
8793
5534
9524
6386
5274
6088
2260
4345
785
4672
8293
1321
5030
1016
6518
7868
3819
1472
2191
7706
2307
9523
9647
185
3399
6117
5356
7553
9238
7449
1985
340
9371
9080
122
7935
4441
8705
4430
787
6057
2098
9921
174
296
584
9174
720
6694
7724
589
6135
5239
1942
1783
6233
2540
5865
5986
2726
1084
8938
1288
1416
3527
1102
278
3934
9130
1829
2442
1973
7050
5597
197
9213
5215
8530
5223
7447
5850
5876
9962
8507
6662
3982
3986
5129
6776
290
5470
4437
6507
8631
9021
3363
9903
8940
1129
4663
773
1120
62
1349
1245
5256
7538
8180
5032
5676
6136
9185
1607
6304
8499
4374
5012
7139
1139
9080
2914
2925
8595
329
1815
6886
6347
6710
5118
7641
6224
7608
1694
3793
126
7322
397
9027
9348
4461
7139
5556
1264
3651
7459
2361
8613
2914
1732
2124
8819
6648
9853
8132
258
5991
6508
5977
9104
2136
5072
5705
4198
1272
4066
7190
3395
5596
4600
9808
4628
1363
8946
7337
3778
9444
4258
7677
4977
9554
1361
547
8799
752
3807
2403
5736
6454
9884
9843
8361
2215
2366
5634
2447
2329
4355
4999
4989
3604
7308
4662
5157
6989
3920
6976
979
6546
4643
7116
7869
4034
9875
3582
1304
4092
5287
636
4256
6147
2885
4321
3091
6135
9105
749
5539
5660
3097
8467
1500
2409
2130
1368
1295
2118
9980
6050
4886
9064
9433
5793
1791
6329
751
6585
5657
9860
8144
7764
1022
3814
3494
7751
3672
2163
7949
704
4777
6156
3463
9046
5993
5749
1898
1470
5087
7108
6772
3073
2063
7124
4567
9401
1587
4589
2788
3171
3775
6210
6008
5732
3329
1907
4583
7796
9744
1804
4420
9197
7315
8446
3805
6330
8261
3600
9806
102
8612
6743
2717
4753
1998
2895
8063
5450
2082
8450
5543
4830
40
5082
9246
5493
4946
6226
8153
5959
4116
4257
4368
9567
5641
6898
6087
8458
8825
1357
1589
9678
5478
8527
3749
1932
3771
6374
5565
2538
786
4619
6470
6899
4220
3074
4737
9384
8799
90
1027
2975
9326
6288
3945
9626
8617
652
7357
3172
15
5228
631
8350
5336
188
3878
1709
2336
8561
3303
5232
1236
3725
1201
8964
8839
3527
4031
7595
3515
4342
7168
5464
8051
1804
5517
1326
2973
4115
955
5393
5630
9959
2610
6527
1341
7446
2590
7749
6573
4121
4958
8945
4201
2298
2811
1076
7160
197
4373
8160
5675
7830
6338
6153
8923
4829
6183
9433
721
1357
5504
1236
2814
1633
2110
6637
2901
8032
251
8191
4584
2574
745
8328
6818
9869
5260
117
3897
7809
1001
2152
2086
4599
6571
1396
4779
9052
331
2672
4489
715
6558
7877
8661
3721
4523
4911
3810
9795
4016
5413
7725
5174
807
5177
5564
8702
5049
3382
234
2962
1928
3335
218
5804
1981
7805
946
8308
1147
1216
4279
449
6564
4123
537
6072
1549
9547
8817
871
3661
123
5869
178
7730
9940
939
2921
5718
3847
7435
3846
5254
7204
6505
7574
6501
6685
3842
8068
4295
3826
2783
9896
8371
876
3883
6189
276
3552
5417
1724
6268
519
9594
1129
6691
4675
2262
723
4115
5685
6885
5217
1982
9116
959
7974
9159
4226
508
5421
5474
6315
8588
5754
897
589
1827
392
429
6332
8770
7065
7678
9283
2306
4927
128
572
5198
4401
1336
1323
4956
1421
8643
454
980
5550
156
414
9624
98
3625
8566
2529
1838
3711
2251
6692
8078
9479
3984
1120
375
2914
2050
7052
5378
1495
2045
3538
7205
4733
6406
7185
1889
5591
3803
3341
1985
7103
7083
5495
9113
9697
8492
8366
9251
6847
1238
7710
4045
9412
9496
7398
6623
6611
4694
9982
929
985
222
8662
2971
6329
2342
1729
433
5316
9236
4377
9776
4744
1866
7650
2029
3602
6527
6538
2006
1580
1480
4290
7692
4638
1390
3796
7421
7055
9640
1390
4696
369
8685
2470
9663
9630
9676
1317
8266
8128
7857
2000
1918
3174
4463
5382
1138
2062
2894
5893
5639
7817
1956
9313
5884
5942
9089
461
8516
9299
5999
9199
6181
120
2155
2630
3057
982
2866
3335
4326
9028
2742
8113
1016
5940
775
3408
4446
5925
9368
9426
537
2665
7016
275
6861
6754
6877
8602
4941
7143
9103
3395
6198
1718
1459
6712
1755
4897
1957
7582
4264
8838
1548
1514
3938
6627
8251
1840
8651
1689
2720
5070
3138
7919
5905
3334
2165
5347
564
5624
7227
5423
7180
8885
9530
3592
1545
1511
5018
823
9624
6217
1885
5727
5536
8731
9211
2510
4945
3824
7132
6151
6973
8485
3348
706
7049
1370